380	3.25E-05	1.67E-05	3.59E-03
381	3.87E-05	1.81E-05	3.89E-03
382	4.55E-05	2.08E-05	4.48E-03
383	5.48E-05	2.46E-05	5.29E-03
384	6.59E-05	2.76E-05	5.94E-03
385	7.96E-05	3.25E-05	7.00E-03
386	9.70E-05	3.83E-05	8.25E-03
387	0.000120490491415819	4.61E-05	9.94E-03
388	0.000149593612167611	5.60E-05	1.21E-02
389	0.000188757605753789	6.86E-05	1.48E-02
390	0.000235350868969082	8.55E-05	1.84E-02
391	0.000289267231348622	0.000105821830495384	0.0227931205981153
392	0.000361882106987548	0.000130055166803756	0.028012774750625
393	0.000448053216554143	0.000161276686234535	0.0347376240025305
394	0.00055455015583356	0.000202520930346774	0.043621282748817
395	0.000688641846411394	0.000250881649890504	0.0540377696647181
396	0.000856576183650922	0.000314237763276219	0.067684136640873
397	0.00105766425854067	0.000391098896781136	0.0842393698766261
398	0.00130709557775237	0.0004840793926926	0.104266576424287
399	0.00159958526675833	0.000596385425448737	0.128456338938536
400	0.00196764256320047	0.00074159995908462	0.159734312134304
401	0.00238042261934957	0.000910871049349663	0.196193862645991
402	0.00284041534547251	0.00111783634500996	0.240772423813628
403	0.0033284024036713	0.00136172458458038	0.29330387248511
404	0.00382855912584599	0.00165025578684947	0.355451034926469
405	0.0042660632590377	0.00199035483738368	0.428705472482895
406	0.00463912462245656	0.00237780413185056	0.512158749118698
407	0.00482091695425536	0.00280067254981101	0.60324100315443
408	0.00486422855515356	0.00324364650792026	0.698653819222179
409	0.00467335087239786	0.00368543162452241	0.793810568959224
410	0.00435130162255411	0.00408866438374062	0.880663469414129
411	0.00390723770208535	0.00440744021615968	0.949325067480222
412	0.00341696274056746	0.00462614202400239	0.996431573367041
413	0.0029368126465684	0.0046427091911291	1
414	0.00250391294811793	0.00453657552992651	0.977139713724611
415	0.00215633831508461	0.0042578088033992	0.917095736156524
416	0.0018709751430071	0.00387389294898181	0.834403532399514
417	0.00163676686161855	0.00342686531847654	0.738117589838344
418	0.00144491349770945	0.00297417836330768	0.640612676966822
419	0.00127207865661931	0.00255279297925265	0.549849855797626
420	0.00111498452038474	0.00219741435064489	0.473304327318955
421	0.000966672107518009	0.00189128666479281	0.407367032250592
422	0.00083300061389929	0.00166499555155579	0.358625854649075
423	0.000710683188416223	0.00147377041724754	0.317437590117317
424	0.000603380151562558	0.00131293850444062	0.282795766521253
425	0.000507786274330667	0.00116716043362386	0.251396412218532
426	0.000429984015782045	0.00103200209290966	0.222284457290912
427	0.000364300961593817	0.000902215076843107	0.194329439924211
428	0.000315509386119076	0.000782396394377163	0.168521516676535
429	0.000274134196373023	0.000670204845195649	0.144356412948763
430	0.000240102564021153	0.000571856756039502	0.123173072552586
431	0.000212023064497815	0.000485845616068083	0.104647005889664
432	0.000187053600217074	0.000411875306036971	0.088714431397932
433	0.000165308295879753	0.000353881161435135	0.0762229868093615
434	0.000145103720607273	0.000304622428656076	0.0656130754943952
435	0.00012779355199422	0.000266648062028067	0.057433720496118
436	0.000111780361967739	0.000234803022390324	0.0505745703045467
437	9.67E-05	0.000207781218222898	0.0447543039352775
438	8.32E-05	0.000184585936773375	0.0397582379542674
439	7.18E-05	0.000163561662925664	0.0352297885118852
440	6.18E-05	0.000144056224179148	0.0310284832085539
441	5.39E-05	0.000126801511926495	0.0273119652139265
442	4.71E-05	0.000111226215543021	0.0239571790874911
443	4.18E-05	9.71E-05	2.09E-02
444	3.70E-05	8.34E-05	1.80E-02
445	3.32E-05	7.22E-05	1.56E-02
446	3.01E-05	6.32E-05	1.36E-02
447	2.72E-05	5.55E-05	1.19E-02
448	2.41E-05	4.91E-05	1.06E-02
449	2.19E-05	4.38E-05	9.43E-03
450	2.00E-05	3.87E-05	8.34E-03
451	1.81E-05	3.37E-05	7.26E-03
452	1.62E-05	3.04E-05	6.54E-03
453	1.47E-05	2.78E-05	5.99E-03
454	1.34E-05	2.53E-05	5.45E-03
455	1.24E-05	2.31E-05	4.98E-03
456	1.16E-05	2.08E-05	4.47E-03
457	1.10E-05	1.85E-05	3.98E-03
458	9.98E-06	1.69E-05	3.64E-03
459	9.29E-06	1.53E-05	3.30E-03
460	9.07E-06	1.40E-05	3.02E-03
461	8.57E-06	1.30E-05	2.80E-03
462	8.11E-06	1.17E-05	2.53E-03
463	7.74E-06	1.08E-05	2.32E-03
464	7.45E-06	1.05E-05	2.27E-03
465	7.38E-06	9.67E-06	2.08E-03
466	7.17E-06	9.05E-06	1.95E-03
467	6.79E-06	8.74E-06	1.88E-03
468	6.53E-06	8.40E-06	1.81E-03
469	6.42E-06	7.92E-06	1.71E-03
470	6.14E-06	7.42E-06	1.60E-03
471	5.84E-06	7.01E-06	1.51E-03
472	5.83E-06	6.88E-06	1.48E-03
473	5.74E-06	6.58E-06	1.42E-03
474	5.54E-06	6.54E-06	1.41E-03
475	5.60E-06	6.62E-06	1.43E-03
476	5.59E-06	6.35E-06	1.37E-03
477	5.26E-06	6.05E-06	1.30E-03
478	5.20E-06	5.95E-06	1.28E-03
479	5.14E-06	5.79E-06	1.25E-03
480	5.03E-06	5.57E-06	1.20E-03
481	5.12E-06	5.35E-06	1.15E-03
482	5.03E-06	5.54E-06	1.19E-03
483	4.96E-06	5.49E-06	1.18E-03
484	4.91E-06	5.22E-06	1.12E-03
485	4.94E-06	5.31E-06	1.14E-03
486	4.91E-06	5.22E-06	1.12E-03
487	4.84E-06	5.18E-06	1.12E-03
488	4.83E-06	5.13E-06	1.11E-03
489	4.79E-06	5.10E-06	1.10E-03
490	4.67E-06	4.90E-06	1.06E-03
491	4.51E-06	4.82E-06	1.04E-03
492	4.44E-06	4.84E-06	1.04E-03
493	4.59E-06	4.83E-06	1.04E-03
494	4.70E-06	4.88E-06	1.05E-03
495	4.55E-06	4.76E-06	1.02E-03
496	4.52E-06	4.73E-06	1.02E-03
497	4.52E-06	4.64E-06	9.99E-04
498	4.32E-06	4.42E-06	9.53E-04
499	4.34E-06	4.52E-06	9.73E-04
500	4.46E-06	4.46E-06	9.61E-04
501	4.36E-06	4.34E-06	9.35E-04
502	4.30E-06	4.40E-06	9.47E-04
503	4.18E-06	4.44E-06	9.57E-04
504	4.05E-06	4.45E-06	9.59E-04
505	4.12E-06	4.36E-06	9.40E-04
506	4.06E-06	4.38E-06	9.44E-04
507	4.16E-06	4.33E-06	9.32E-04
508	4.15E-06	4.33E-06	9.34E-04
509	4.08E-06	4.42E-06	9.52E-04
510	4.01E-06	4.36E-06	9.40E-04
511	3.98E-06	4.28E-06	9.21E-04
512	3.96E-06	4.36E-06	9.39E-04
513	4.01E-06	4.38E-06	9.43E-04
514	4.00E-06	4.33E-06	9.33E-04
515	3.84E-06	4.01E-06	8.64E-04
516	3.91E-06	4.05E-06	8.73E-04
517	3.91E-06	4.08E-06	8.79E-04
518	3.83E-06	4.06E-06	8.74E-04
519	4.07E-06	4.04E-06	8.71E-04
520	4.02E-06	4.05E-06	8.72E-04
521	3.72E-06	3.88E-06	8.36E-04
522	3.66E-06	3.82E-06	8.22E-04
523	3.70E-06	3.83E-06	8.25E-04
524	3.69E-06	3.91E-06	8.43E-04
525	3.61E-06	3.95E-06	8.50E-04
526	3.59E-06	3.76E-06	8.10E-04
527	3.51E-06	3.75E-06	8.07E-04
528	3.75E-06	3.67E-06	7.90E-04
529	3.62E-06	3.58E-06	7.71E-04
530	3.44E-06	3.68E-06	7.92E-04
531	3.34E-06	3.65E-06	7.85E-04
532	3.35E-06	3.60E-06	7.76E-04
533	3.34E-06	3.55E-06	7.65E-04
534	3.52E-06	3.46E-06	7.46E-04
535	3.49E-06	3.54E-06	7.62E-04
536	3.43E-06	3.41E-06	7.35E-04
537	3.34E-06	3.27E-06	7.05E-04
538	3.25E-06	3.26E-06	7.03E-04
539	3.24E-06	3.18E-06	6.84E-04
540	3.09E-06	3.29E-06	7.09E-04
541	3.14E-06	3.32E-06	7.16E-04
542	3.10E-06	3.14E-06	6.77E-04
543	3.02E-06	3.13E-06	6.74E-04
544	3.03E-06	3.16E-06	6.80E-04
545	3.01E-06	3.19E-06	6.87E-04
546	3.01E-06	3.05E-06	6.58E-04
547	3.01E-06	3.09E-06	6.66E-04
548	3.07E-06	3.18E-06	6.86E-04
549	3.09E-06	3.06E-06	6.59E-04
550	2.98E-06	2.92E-06	6.29E-04
551	2.83E-06	3.02E-06	6.49E-04
552	2.88E-06	2.94E-06	6.34E-04
553	2.85E-06	2.71E-06	5.83E-04
554	2.79E-06	2.75E-06	5.93E-04
555	2.79E-06	2.67E-06	5.74E-04
556	2.72E-06	2.55E-06	5.49E-04
557	2.73E-06	2.59E-06	5.58E-04
558	2.81E-06	2.57E-06	5.53E-04
559	2.72E-06	2.61E-06	5.62E-04
560	2.75E-06	2.57E-06	5.53E-04
561	2.72E-06	2.61E-06	5.61E-04
562	2.69E-06	2.50E-06	5.38E-04
563	2.73E-06	2.38E-06	5.13E-04
564	2.59E-06	2.41E-06	5.19E-04
565	2.52E-06	2.36E-06	5.09E-04
566	2.55E-06	2.37E-06	5.11E-04
567	2.55E-06	2.49E-06	5.37E-04
568	2.47E-06	2.44E-06	5.25E-04
569	2.55E-06	2.46E-06	5.29E-04
570	2.56E-06	2.38E-06	5.14E-04
571	2.52E-06	2.37E-06	5.10E-04
572	2.41E-06	2.30E-06	4.95E-04
573	2.41E-06	2.30E-06	4.96E-04
574	2.36E-06	2.29E-06	4.92E-04
575	2.31E-06	2.14E-06	4.62E-04
576	2.38E-06	2.18E-06	4.69E-04
577	2.25E-06	2.25E-06	4.85E-04
578	2.14E-06	2.15E-06	4.63E-04
579	2.21E-06	2.14E-06	4.61E-04
580	2.20E-06	2.05E-06	4.41E-04
581	2.26E-06	2.04E-06	4.38E-04
582	2.27E-06	2.14E-06	4.60E-04
583	2.23E-06	2.04E-06	4.40E-04
584	2.25E-06	2.01E-06	4.33E-04
585	2.26E-06	2.14E-06	4.60E-04
586	2.09E-06	2.10E-06	4.53E-04
587	2.15E-06	1.94E-06	4.18E-04
588	2.15E-06	1.95E-06	4.20E-04
589	2.01E-06	1.94E-06	4.17E-04
590	2.08E-06	1.91E-06	4.11E-04
591	2.08E-06	1.88E-06	4.05E-04
592	2.02E-06	1.85E-06	4.00E-04
593	1.92E-06	1.97E-06	4.24E-04
594	1.88E-06	1.93E-06	4.15E-04
595	1.94E-06	1.76E-06	3.80E-04
596	1.84E-06	1.72E-06	3.72E-04
597	1.79E-06	1.79E-06	3.85E-04
598	1.83E-06	1.79E-06	3.87E-04
599	1.91E-06	1.78E-06	3.84E-04
600	1.77E-06	1.80E-06	3.88E-04
601	1.64E-06	1.76E-06	3.78E-04
602	1.67E-06	1.77E-06	3.81E-04
603	1.70E-06	1.76E-06	3.79E-04
604	1.71E-06	1.74E-06	3.74E-04
605	1.65E-06	1.66E-06	3.58E-04
606	1.61E-06	1.60E-06	3.44E-04
607	1.63E-06	1.54E-06	3.32E-04
608	1.63E-06	1.60E-06	3.44E-04
609	1.58E-06	1.55E-06	3.33E-04
610	1.53E-06	1.49E-06	3.21E-04
611	1.55E-06	1.54E-06	3.32E-04
612	1.63E-06	1.58E-06	3.39E-04
613	1.63E-06	1.55E-06	3.34E-04
614	1.61E-06	1.43E-06	3.09E-04
615	1.39E-06	1.43E-06	3.09E-04
616	1.34E-06	1.53E-06	3.29E-04
617	1.29E-06	1.41E-06	3.04E-04
618	1.26E-06	1.30E-06	2.80E-04
619	1.28E-06	1.27E-06	2.73E-04
620	1.27E-06	1.19E-06	2.57E-04
621	1.38E-06	1.22E-06	2.62E-04
622	1.29E-06	1.25E-06	2.69E-04
623	1.21E-06	1.30E-06	2.81E-04
624	1.15E-06	1.25E-06	2.69E-04
625	1.12E-06	1.18E-06	2.53E-04
626	1.01E-06	1.23E-06	2.64E-04
627	1.09E-06	1.16E-06	2.50E-04
628	1.16E-06	1.12E-06	2.42E-04
629	1.03E-06	1.13E-06	2.44E-04
630	1.04E-06	1.13E-06	2.42E-04
631	1.03E-06	1.18E-06	2.54E-04
632	1.00E-06	1.20E-06	2.58E-04
633	1.06E-06	1.12E-06	2.40E-04
634	1.05E-06	9.36E-07	2.02E-04
635	1.01E-06	9.82E-07	2.11E-04
636	8.55E-07	9.74E-07	2.10E-04
637	9.59E-07	9.17E-07	1.98E-04
638	9.48E-07	9.99E-07	2.15E-04
639	1.02E-06	9.28E-07	2.00E-04
640	1.02E-06	9.31E-07	2.01E-04
641	9.31E-07	8.64E-07	1.86E-04
642	8.89E-07	7.98E-07	1.72E-04
643	8.68E-07	8.99E-07	1.94E-04
644	8.49E-07	1.02E-06	2.20E-04
645	1.02E-06	1.07E-06	2.29E-04
646	9.63E-07	1.00E-06	2.15E-04
647	8.25E-07	9.46E-07	2.04E-04
648	8.12E-07	9.39E-07	2.02E-04
649	9.39E-07	9.33E-07	2.01E-04
650	8.66E-07	8.54E-07	1.84E-04
651	8.16E-07	9.31E-07	2.01E-04
652	9.01E-07	9.69E-07	2.09E-04
653	8.03E-07	9.20E-07	1.98E-04
654	8.15E-07	8.43E-07	1.82E-04
655	9.18E-07	7.96E-07	1.71E-04
656	9.07E-07	9.00E-07	1.94E-04
657	9.25E-07	8.77E-07	1.89E-04
658	8.07E-07	7.71E-07	1.66E-04
659	8.52E-07	7.87E-07	1.70E-04
660	7.86E-07	7.40E-07	1.59E-04
661	7.37E-07	8.30E-07	1.79E-04
662	5.97E-07	7.66E-07	1.65E-04
663	6.61E-07	6.95E-07	1.50E-04
664	7.96E-07	7.12E-07	1.53E-04
665	7.97E-07	7.16E-07	1.54E-04
666	7.44E-07	6.61E-07	1.42E-04
667	8.35E-07	7.02E-07	1.51E-04
668	7.83E-07	6.97E-07	1.50E-04
669	6.41E-07	6.24E-07	1.34E-04
670	7.50E-07	6.54E-07	1.41E-04
671	7.54E-07	6.27E-07	1.35E-04
672	6.86E-07	5.90E-07	1.27E-04
673	7.16E-07	5.45E-07	1.17E-04
674	7.90E-07	6.22E-07	1.34E-04
675	7.45E-07	6.51E-07	1.40E-04
676	7.22E-07	6.26E-07	1.35E-04
677	6.47E-07	5.35E-07	1.15E-04
678	6.67E-07	5.15E-07	1.11E-04
679	5.46E-07	4.28E-07	9.22E-05
680	5.79E-07	4.57E-07	9.85E-05
681	6.87E-07	4.86E-07	1.05E-04
682	6.30E-07	4.92E-07	1.06E-04
683	4.84E-07	4.19E-07	9.03E-05
684	4.89E-07	4.05E-07	8.71E-05
685	4.60E-07	2.75E-07	5.93E-05
686	3.89E-07	2.55E-07	5.50E-05
687	4.18E-07	2.41E-07	5.19E-05
688	4.36E-07	2.58E-07	5.56E-05
689	4.86E-07	2.15E-07	4.62E-05
690	4.99E-07	2.82E-07	6.08E-05
691	3.31E-07	2.27E-07	4.89E-05
692	3.37E-07	1.77E-07	3.82E-05
693	4.18E-07	3.23E-07	6.95E-05
694	5.26E-07	3.49E-07	7.51E-05
695	3.83E-07	1.13E-07	2.43E-05
696	3.15E-07	1.22E-07	2.64E-05
697	3.15E-07	1.94E-07	4.17E-05
698	2.95E-07	2.25E-07	4.84E-05
699	2.39E-07	1.61E-10	3.47E-08
700	4.47E-07	1.52E-07	3.27E-05
701	4.28E-07	1.94E-07	4.18E-05
702	2.73E-07	1.49E-07	3.22E-05
703	1.97E-07	7.64E-08	1.65E-05
704	1.45E-07	7.88E-08	1.70E-05
705	2.32E-07	1.65E-07	3.56E-05
706	2.61E-07	1.17E-07	2.51E-05
707	2.63E-07	-1.65E-08	-3.55E-06
708	1.84E-07	-3.75E-08	-8.07E-06
709	1.83E-07	6.83E-08	1.47E-05
710	1.87E-07	1.44E-07	3.10E-05
711	1.52E-07	2.63E-08	5.67E-06
712	1.16E-07	4.32E-08	9.31E-06
713	3.96E-08	-7.18E-09	-1.55E-06
714	1.68E-07	-9.12E-08	-1.96E-05
715	8.30E-08	-3.44E-08	-7.42E-06
716	1.38E-07	4.35E-08	9.36E-06
717	1.58E-07	1.01E-07	2.17E-05
718	1.21E-07	8.26E-08	1.78E-05
719	2.18E-07	1.23E-07	2.66E-05
720	1.58E-07	9.15E-08	1.97E-05
721	1.69E-07	7.49E-08	1.61E-05
722	5.53E-08	-3.02E-09	-6.51E-07
723	4.21E-09	-8.75E-08	-1.88E-05
724	-5.89E-08	-5.28E-08	-1.14E-05
725	-5.26E-08	7.82E-08	1.69E-05
726	1.29E-07	1.03E-07	2.22E-05
727	2.08E-07	1.81E-07	3.90E-05
728	1.02E-07	2.38E-07	5.13E-05
729	1.09E-07	1.70E-07	3.65E-05
730	1.11E-07	2.34E-08	5.04E-06
731	-6.86E-08	1.09E-09	2.35E-07
732	-3.03E-08	1.17E-08	2.52E-06
733	3.70E-08	4.54E-08	9.78E-06
734	4.65E-08	6.20E-08	1.34E-05
735	6.01E-08	8.51E-08	1.83E-05
736	7.75E-08	1.75E-07	3.78E-05
737	1.30E-07	2.03E-07	4.38E-05
738	5.94E-08	1.07E-07	2.31E-05
739	1.10E-07	1.37E-07	2.96E-05
740	4.84E-08	1.47E-07	3.17E-05
741	1.57E-07	1.67E-07	3.59E-05
742	2.34E-07	1.90E-07	4.09E-05
743	1.64E-07	2.39E-07	5.15E-05
744	6.83E-08	1.84E-07	3.97E-05
745	2.23E-07	1.37E-07	2.96E-05
746	2.99E-07	1.75E-07	3.77E-05
747	2.17E-07	1.51E-07	3.26E-05
748	2.46E-07	2.11E-07	4.54E-05
749	2.79E-07	3.70E-07	7.96E-05
750	2.17E-07	3.03E-07	6.53E-05
751	2.49E-07	2.56E-07	5.51E-05
752	1.90E-07	2.58E-07	5.55E-05
753	1.41E-07	3.38E-07	7.28E-05
754	2.48E-07	2.95E-07	6.35E-05
755	2.49E-07	2.64E-07	5.69E-05
756	1.54E-07	2.74E-07	5.90E-05
757	2.01E-07	1.71E-07	3.69E-05
758	1.52E-07	5.37E-08	1.16E-05
759	1.46E-07	1.66E-07	3.57E-05
760	2.20E-07	3.74E-07	8.06E-05
761	1.92E-07	1.87E-07	4.03E-05
762	2.38E-07	2.86E-07	6.15E-05
763	1.24E-07	2.32E-07	4.99E-05
764	1.49E-07	8.63E-08	1.86E-05
765	1.85E-07	2.15E-07	4.62E-05
766	8.67E-08	2.89E-07	6.23E-05
767	1.13E-07	2.78E-07	5.99E-05
768	1.93E-08	2.36E-07	5.08E-05
769	8.86E-08	2.19E-07	4.72E-05
770	-1.28E-08	1.71E-07	3.69E-05
771	4.82E-08	1.05E-07	2.26E-05
772	1.82E-07	2.08E-07	4.49E-05
773	3.69E-07	2.20E-07	4.73E-05
774	1.38E-07	1.25E-07	2.69E-05
775	2.08E-07	2.21E-07	4.75E-05
776	1.92E-07	2.95E-07	6.36E-05
777	2.31E-07	1.43E-07	3.07E-05
778	-4.72E-08	-2.26E-08	-4.88E-06
779	5.79E-08	1.68E-07	3.63E-05
780	-1.81E-08	8.94E-08	1.93E-05
